
0.6666666666666666
0.6666666666666666
0.9666666666666667
0.9666666666666667
0.6666666666666666
0.9166666666666666
0.9666666666666667
0.9166666666666666
0.9666666666666667
0.6666666666666666
0.9666666666666667
0.9666666666666667
1.0833333333333333
0.9166666666666666
0.6666666666666666
0.9666666666666667
0.6666666666666666
0.9166666666666666
0.9666666666666667
1.0833333333333333
0.9833333333333333
0.9666666666666667
1.0833333333333333
0.9833333333333333
1.2333333333333334
0.6666666666666666
0.9666666666666667
0.9166666666666666
0.9666666666666667
0.6666666666666666
0.9833333333333333
0.9666666666666667
0.9166666666666666
1.2333333333333334
1.2333333333333334
1.0833333333333333
0.9666666666666667
0.9166666666666666
0.6666666666666666
1.15
1.2333333333333334
0.9666666666666667
1.2333333333333334
0.9833333333333333
1.0833333333333333
0.9666666666666667
0.6666666666666666
0.9833333333333333
1.35
0.9166666666666666
1.15
1.2333333333333334
1.2333333333333334
1.0833333333333333
0.9666666666666667
1.35
1.2333333333333334
0.9666666666666667
0.6666666666666666
0.9166666666666666
1.0833333333333333
0.9666666666666667
0.9833333333333333
1.4333333333333333
1.15
1.2333333333333334
1.35
1.4333333333333333
1.2333333333333334
1.4166666666666667
0.9833333333333333
0.6666666666666666
0.9166666666666666
1.2333333333333334
1.15
1.0833333333333333
0.9666666666666667
0.9666666666666667
0.9166666666666666
1.15
1.2333333333333334
1.0833333333333333
0.9833333333333333
1.4333333333333333
1.35
1.4166666666666667
1.5333333333333334
0.9666666666666667
0.9666666666666667
1.2333333333333334
0.6666666666666666
0.9166666666666666
1.0833333333333333
1.4333333333333333
0.9666666666666667
1.15
1.5333333333333334
0.9666666666666667
1.4
0.6666666666666666
1.35
1.2333333333333334
0.9833333333333333
1.2333333333333334
1.4166666666666667
0.9166666666666666
1.15
1.2333333333333334
0.9666666666666667
0.9833333333333333
1.0833333333333333
1.35
1.2333333333333334
1.1833333333333333
0.9666666666666667
1.4
1.4166666666666667
1.5333333333333334
1.4333333333333333
0.6666666666666666
0.9166666666666666
0.6666666666666666
1.4166666666666667
0.9666666666666667
0.9666666666666667
1.2333333333333334
1.2333333333333334
1.0833333333333333
1.5333333333333334
1.15
1.4333333333333333
1.35
1.4
0.9833333333333333
1.8166666666666667
1.1833333333333333
0.9666666666666667
1.15
0.9666666666666667
0.9833333333333333
1.4
1.4166666666666667
1.9
1.35
1.1833333333333333
1.4333333333333333
0.6666666666666666
0.9166666666666666
1.8166666666666667
1.0833333333333333
1.5333333333333334
1.2333333333333334
1.2333333333333334
0.9666666666666667
1.4166666666666667
1.15
1.9
1.1833333333333333
1.35
0.9666666666666667
1.4333333333333333
1.8166666666666667
0.6666666666666666
1.2333333333333334
1.5333333333333334
1.5
1.2333333333333334
1.0833333333333333
0.9166666666666666
0.9833333333333333
1.4
0.9666666666666667
1.5
1.2333333333333334
1.4333333333333333
1.2333333333333334
1.8833333333333333
0.6666666666666666
1.1833333333333333
0.9833333333333333
1.8166666666666667
1.5333333333333334
1.15
1.9
0.9166666666666666
1.4166666666666667
1.4
0.9666666666666667
1.35
1.0833333333333333
0.55
1.2333333333333334
0.55
0.55
0.9833333333333333
1.2333333333333334
0.55
1.2333333333333334
1.5
0.9833333333333333
0.9833333333333333
1.2166666666666666
1.2333333333333334
1.5
0.55
0.9833333333333333
1.5
1.2166666666666666
1.2166666666666666
0.55
1.2333333333333334
0.9833333333333333
0.55
1.2333333333333334
1.4166666666666667
1.5
1.2166666666666666
1.2166666666666666
0.9833333333333333
1.5
1.2333333333333334
1.2166666666666666
1.2166666666666666
1.4166666666666667
1.2833333333333334
0.55
0.9833333333333333
1.2166666666666666
1.5
1.7333333333333334
1.2833333333333334
1.2166666666666666
1.4166666666666667
1.2333333333333334
0.55
1.2333333333333334
1.5
0.9833333333333333
1.2166666666666666
1.9
1.4166666666666667
1.2833333333333334
0.55
1.2166666666666666
1.7333333333333334
1.7333333333333334
1.2333333333333334
1.8666666666666667
1.5
1.2833333333333334
1.2166666666666666
1.2166666666666666
1.9
1.4166666666666667
0.55
0.9833333333333333
1.2166666666666666
1.8666666666666667
1.5
0.9833333333333333
1.4166666666666667
1.2166666666666666
1.2333333333333334
0.55
1.9833333333333334
1.9
1.7333333333333334
1.2833333333333334
1.2166666666666666
0.9833333333333333
1.4166666666666667
1.8666666666666667
1.2166666666666666
1.9833333333333334
1.2333333333333334
1.9
2.0166666666666666
1.7333333333333334
0.55
1.2833333333333334
1.5
1.9
0.9833333333333333
1.2833333333333334
2.1166666666666667
1.8666666666666667
1.7333333333333334
1.2333333333333334
2.0166666666666666
1.5
1.4166666666666667
1.9833333333333334
1.2166666666666666
0.55
1.2166666666666666
0.55
1.2333333333333334
1.2166666666666666
1.2833333333333334
1.2166666666666666
1.4166666666666667
2.1166666666666667
1.7333333333333334
2.0833333333333335
1.5
1.9
2.0166666666666666
1.8666666666666667
1.9833333333333334
0.9833333333333333
1.8666666666666667
0.9833333333333333
1.5
2.0166666666666666
0.55
1.4166666666666667
2.1166666666666667
1.2833333333333334
1.9833333333333334
1.8666666666666667
1.2166666666666666
1.2333333333333334
1.9
1.2166666666666666
1.7333333333333334
2.0833333333333335
2.2666666666666666
1.2333333333333334
1.9
1.2833333333333334
1.8666666666666667
1.2166666666666666
0.55
2.0166666666666666
2.1166666666666667
0.9833333333333333
1.2166666666666666
1.8666666666666667
1.4166666666666667
1.9833333333333334
2.0833333333333335
1.5
1.7333333333333334
1.2333333333333334
1.9833333333333334
1.8666666666666667
1.9
2.1166666666666667
1.7333333333333334
1.8666666666666667
1.5
1.2833333333333334
0.9833333333333333
2.0166666666666666
1.4166666666666667
2.2666666666666666
0.55
2.0833333333333335
1.2166666666666666
2.3333333333333335
1.2166666666666666
0.9833333333333333
1.9
1.2833333333333334
2.216666666666667
1.2166666666666666
1.8666666666666667
2.1166666666666667
1.2166666666666666
1.4166666666666667
0.55
2.0833333333333335
2.3333333333333335
2.2666666666666666
1.2333333333333334
2.0166666666666666
1.8666666666666667
1.5
1.7333333333333334
1.9833333333333334
1.9
1.5
2.3333333333333335
1.2166666666666666
1.2333333333333334
0.9833333333333333
2.1166666666666667
1.2833333333333334
0.55
2.0166666666666666
2.0833333333333335
2.05
2.216666666666667
1.9833333333333334
1.2166666666666666
2.2666666666666666
1.8666666666666667
1.7333333333333334
1.8666666666666667
1.4166666666666667
1.8666666666666667
2.05
2.1166666666666667
2.2666666666666666
2.0833333333333335
1.9833333333333334
2.1333333333333333
0.55
1.8666666666666667
1.2166666666666666
1.9
1.2166666666666666
1.2833333333333334
2.3333333333333335
1.2333333333333334
1.5
1.4166666666666667
0.9833333333333333
2.216666666666667
2.0166666666666666
1.7333333333333334
1.4166666666666667
1.8666666666666667
1.9833333333333334
2.3333333333333335
2.1333333333333333
2.216666666666667
2.2666666666666666
1.2166666666666666
1.8666666666666667
2.05
1.2166666666666666
0.55
1.2333333333333334
2.0166666666666666
1.9
1.2833333333333334
2.0833333333333335
1.5
1.9
1.7333333333333334
0.9833333333333333
2.1166666666666667
0.6333333333333333
0.6333333333333333
0.9333333333333333
0.9333333333333333
0.6333333333333333
1.1166666666666667
1.1166666666666667
0.9333333333333333
1.25
0.6333333333333333
0.9333333333333333
1.1166666666666667
1.3166666666666667
0.6333333333333333
1.25
0.9333333333333333
1.3166666666666667
1.1166666666666667
0.6333333333333333
1.1166666666666667
1.25
1.1
0.6333333333333333
1.3166666666666667
0.9333333333333333
1.1166666666666667
1.25
1.1166666666666667
0.6333333333333333
1.15
1.3166666666666667
1.1166666666666667
1.1
1.1166666666666667
1.25
0.9333333333333333
0.9333333333333333
1.3166666666666667
1.25
1.2666666666666666
0.6333333333333333
1.1
1.1166666666666667
1.1166666666666667
1.15
1.3166666666666667
1.1166666666666667
1.1
1.1166666666666667
1.2666666666666666
1.1
0.9333333333333333
1.25
0.6333333333333333
1.15
1.1
0.6333333333333333
1.1833333333333333
1.15
0.9333333333333333
1.3166666666666667
1.25
1.1166666666666667
1.2666666666666666
1.1
1.1166666666666667
1.25
1.1
1.2666666666666666
1.15
1.1166666666666667
0.6333333333333333
1.3166666666666667
1.1833333333333333
1.1166666666666667
1.1
0.9333333333333333
1.15
1.1166666666666667
0.9333333333333333
1.15
1.3166666666666667
1.1
1.2666666666666666
1.1166666666666667
1.1833333333333333
1.2833333333333334
1.15
1.1
1.25
0.6333333333333333
1.2833333333333334
1.1
1.25
1.15
1.2666666666666666
1.1833333333333333
1.1166666666666667
1.1166666666666667
0.9333333333333333
0.6333333333333333
1.3166666666666667
1.15
1.5
1.1
1.25
1.1166666666666667
1.1166666666666667
0.6333333333333333
1.45
1.15
1.1
1.2666666666666666
1.15
1.2833333333333334
0.9333333333333333
1.3166666666666667
1.5
1.1
1.1833333333333333
1.5
0.6333333333333333
1.1
1.2666666666666666
1.1166666666666667
0.9333333333333333
1.15
1.25
1.1
1.45
1.15
1.2833333333333334
1.3166666666666667
1.1166666666666667
1.1833333333333333
1.7
1.1
1.2833333333333334
0.9333333333333333
1.45
1.5
1.15
1.1166666666666667
1.2666666666666666
1.3166666666666667
0.6333333333333333
1.15
1.4333333333333333
1.1
1.1833333333333333
1.7
1.25
1.1166666666666667
1.25
1.1166666666666667
1.15
1.1
1.5
1.7
1.3166666666666667
1.2833333333333334
1.5833333333333333
1.15
1.1
1.2666666666666666
0.9333333333333333
1.45
1.4333333333333333
1.1833333333333333
1.1166666666666667
0.6333333333333333
1.1166666666666667
1.2666666666666666
0.9333333333333333
1.15
1.5
1.1166666666666667
1.4333333333333333
1.3166666666666667
1.45
1.1
1.1
1.8333333333333333
1.5833333333333333
0.6333333333333333
1.25
1.2833333333333334
1.7
1.1833333333333333
1.15
1.9
1.1
0.9333333333333333
1.8333333333333333
1.1166666666666667
0.6333333333333333
1.7
1.4333333333333333
1.45
1.25
1.3166666666666667
1.1
1.5
1.15
1.1166666666666667
1.5833333333333333
1.1833333333333333
1.2666666666666666
1.2833333333333334
1.15
1.2833333333333334
1.1166666666666667
1.2666666666666666
1.3166666666666667
1.8166666666666667
1.25
1.45
1.1166666666666667
1.1
1.7
1.4333333333333333
1.5833333333333333
1.5
1.9
1.1
0.9333333333333333
1.1833333333333333
1.15
1.8333333333333333
0.6333333333333333
1.15
0.6333333333333333
1.45
1.1
1.15
1.3166666666666667
1.4333333333333333
1.8333333333333333
1.15
1.1166666666666667
1.5
1.25
1.2833333333333334
1.1
1.8666666666666667
1.2666666666666666
1.8166666666666667
1.9
1.5833333333333333
1.1166666666666667
0.9333333333333333
1.7
1.1833333333333333
1.8333333333333333
1.7
1.1
1.9
1.8666666666666667
1.9
1.2666666666666666
1.3166666666666667
1.1
1.15
1.1833333333333333
1.8166666666666667
1.1166666666666667
1.5833333333333333
1.15
1.1166666666666667
1.2833333333333334
0.9333333333333333
1.45
0.6333333333333333
1.25
1.5
1.4333333333333333
1.1
0.9333333333333333
1.5
1.1166666666666667
1.1166666666666667
1.25
1.1833333333333333
1.15
1.4333333333333333
0.6333333333333333
1.45
1.15
1.5833333333333333
1.9
1.2833333333333334
1.3166666666666667
1.8166666666666667
1.7
1.1
1.8333333333333333
1.9
1.7833333333333334
1.8666666666666667
1.2666666666666666
1.8666666666666667
1.1
1.5
1.8166666666666667
1.25
1.1833333333333333
1.4333333333333333
1.15
1.8333333333333333
0.9333333333333333
1.45
1.7
1.1166666666666667
1.5833333333333333
2.0833333333333335
1.1166666666666667
1.9
1.15
1.2666666666666666
1.2833333333333334
0.6333333333333333
1.1
1.9
1.7833333333333334
1.3166666666666667
0.6333333333333333
1.1166666666666667
1.8666666666666667
2.183333333333333
1.8166666666666667
1.9
2.0833333333333335
1.9
1.5833333333333333
1.4333333333333333
1.1
1.1166666666666667
1.1833333333333333
1.5
1.15
1.15
1.25
1.45
1.8333333333333333
1.3166666666666667
0.9333333333333333
1.2833333333333334
1.7833333333333334
1.1
1.2666666666666666
1.7
1.2666666666666666
1.45
1.5833333333333333
1.15
1.7833333333333334
1.1
1.9
0.6333333333333333
2.0833333333333335
1.15
1.1833333333333333
2.183333333333333
1.8333333333333333
1.5
1.9
1.8166666666666667
1.1166666666666667
0.9333333333333333
1.1
1.25
1.7
1.3166666666666667
1.2833333333333334
1.4333333333333333
2.15
1.1166666666666667
1.8666666666666667
1.9
1.2833333333333334
1.9
1.8666666666666667
1.5833333333333333
1.8166666666666667
1.45
1.15
1.1
1.5
0.6333333333333333
1.4333333333333333
1.1
2.0833333333333335
2.45
1.3166666666666667
0.9333333333333333
2.183333333333333
2.15
1.2666666666666666
1.1833333333333333
1.1166666666666667
1.25
1.7
1.8333333333333333
1.1166666666666667
1.7833333333333334
1.15
1.25
1.8666666666666667
1.1166666666666667
1.2833333333333334
1.3166666666666667
2.0833333333333335
0.6333333333333333
1.1
1.1833333333333333
2.45
1.2666666666666666
1.45
1.5
1.8166666666666667
2.1666666666666665
2.183333333333333
2.15
1.4333333333333333
1.1166666666666667
1.9
1.1
1.15
0.9333333333333333
1.7833333333333334
1.8333333333333333
1.7
1.5833333333333333
1.9
1.15
1.8333333333333333
1.15
2.45
1.1166666666666667
1.2833333333333334
1.1833333333333333
0.9333333333333333
2.0833333333333335
0.6333333333333333
1.4333333333333333
1.2666666666666666
1.1166666666666667
2.183333333333333
1.5833333333333333
1.3166666666666667
1.9
1.8666666666666667
1.1
2.1666666666666665
1.7
1.15
1.8166666666666667
1.25
1.9333333333333333
2.15
1.5
1.7833333333333334
1.1
1.9
1.45
2.183333333333333
1.5
1.9
1.15
2.15
1.2833333333333334
1.1166666666666667
1.8333333333333333
1.5833333333333333
2.45
1.1
1.8666666666666667
0.9333333333333333
1.1833333333333333
1.9333333333333333
1.3166666666666667
1.7
2.0833333333333335
1.9166666666666667
1.45
1.15
1.9
1.2666666666666666
1.4333333333333333
1.1166666666666667
1.7833333333333334
1.1
1.8166666666666667
0.6333333333333333
2.1666666666666665
1.25
1.5
1.2833333333333334
1.1833333333333333
1.9833333333333334
1.8166666666666667
1.9
1.7833333333333334
1.3166666666666667
2.15
1.2666666666666666
1.25
1.9
1.1
1.9166666666666667
1.1166666666666667
1.9333333333333333
1.1166666666666667
1.45
1.15
1.8666666666666667
0.9333333333333333
2.0833333333333335
2.1666666666666665
1.15
1.4333333333333333
1.1
1.7
1.5833333333333333
1.8333333333333333
2.45
2.183333333333333
0.6333333333333333
1.1166666666666667
2.183333333333333
1.9
2.15
1.5
1.3166666666666667
2.1666666666666665
0.9333333333333333
2.45
1.7
1.9333333333333333
1.9833333333333334
1.4333333333333333
1.8333333333333333
1.15
2.0833333333333335
2.1666666666666665
1.15
1.8166666666666667
1.8666666666666667
0.6333333333333333
1.5833333333333333
1.7833333333333334
1.2666666666666666
1.25
1.45
1.1
1.1833333333333333
1.1166666666666667
1.9
1.2833333333333334
1.1
1.9166666666666667
1.5
1.9166666666666667
1.1166666666666667
0.9333333333333333
1.8666666666666667
1.9
1.9
2.45
1.7833333333333334
1.3166666666666667
2.1666666666666665
1.1166666666666667
1.2666666666666666
1.1
2.1666666666666665
1.1
1.8333333333333333
1.2833333333333334
1.7
1.1833333333333333
2.0833333333333335
0.6333333333333333
2.35
1.45
1.25
1.8166666666666667
1.5833333333333333
1.9833333333333334
1.4333333333333333
1.9333333333333333
1.15
1.15
2.183333333333333
2.15
1.1
2.45
2.1666666666666665
1.1166666666666667
1.7
2.35
1.8666666666666667
1.5833333333333333
2.183333333333333
1.25
1.5
1.2833333333333334
1.1833333333333333
1.45
1.9166666666666667
1.1
1.3166666666666667
1.2666666666666666
0.6333333333333333
1.9333333333333333
1.4333333333333333
1.1166666666666667
1.15
2.1666666666666665
1.8333333333333333
0.9333333333333333
1.7833333333333334
1.15
1.8166666666666667
1.9833333333333334
1.9
2.15
2.0833333333333335
1.8666666666666667
1.9
1.8666666666666667
1.8833333333333333
0.6333333333333333
1.45
1.9166666666666667
1.8166666666666667
2.1666666666666665
1.9833333333333334
1.9333333333333333
1.8666666666666667
1.3166666666666667
1.15
1.7
1.9
1.9
1.1166666666666667
2.15
1.2666666666666666
1.2833333333333334
1.25
2.35
1.1833333333333333
2.45
1.7833333333333334
2.183333333333333
1.1166666666666667
1.4333333333333333
1.8333333333333333
1.1
1.1
1.5
1.15
2.1666666666666665
1.5833333333333333
2.0833333333333335
0.9333333333333333
2.1666666666666665
1.8833333333333333
1.9166666666666667
1.8666666666666667
1.1166666666666667
1.5
1.95
0.6333333333333333
1.4333333333333333
2.45
1.1
1.8333333333333333
1.8666666666666667
1.2666666666666666
1.1166666666666667
1.1
2.15
1.15
1.9
1.15
1.7
1.1833333333333333
2.0833333333333335
1.9
1.9333333333333333
2.35
2.1666666666666665
1.3166666666666667
1.2833333333333334
1.9833333333333334
1.45
1.8166666666666667
1.25
1.7833333333333334
2.183333333333333
1.5833333333333333
0.9333333333333333
1.9333333333333333
2.0833333333333335
1.45
2.45
1.25
1.3166666666666667
2.1666666666666665
1.8666666666666667
1.1
1.15
1.5833333333333333
1.1
2.183333333333333
1.8666666666666667
1.2666666666666666
1.2833333333333334
1.1166666666666667
1.7833333333333334
1.8166666666666667
1.95
1.8333333333333333
1.5
1.9
1.9
1.7
1.1833333333333333
2.15
2.35
1.8833333333333333
0.9333333333333333
1.15
1.1166666666666667
1.9833333333333334
0.6333333333333333
2.1166666666666667
1.4333333333333333
1.9166666666666667
2.1666666666666665
0.6333333333333333
2.0833333333333335
1.9833333333333334
1.5
2.1666666666666665
1.7
1.9166666666666667
2.1666666666666665
1.8166666666666667
2.45
1.45
2.35
1.15
0.9333333333333333
1.1166666666666667
1.2833333333333334
1.1833333333333333
1.4333333333333333
1.2666666666666666
1.9333333333333333
1.8333333333333333
1.1
1.3166666666666667
1.9
1.1
1.5833333333333333
1.8666666666666667
1.95
2.1166666666666667
1.1166666666666667
1.7833333333333334
1.15
2.183333333333333
2.15
1.9
1.25
1.8666666666666667
1.8833333333333333
2.283333333333333
1.1166666666666667
1.3166666666666667
1.9166666666666667
2.35
1.8333333333333333
1.15
2.283333333333333
2.183333333333333
1.25
1.5
1.9333333333333333
0.9333333333333333
1.2666666666666666
2.0833333333333335
0.6333333333333333
2.1666666666666665
1.4333333333333333
1.8166666666666667
1.9833333333333334
1.2833333333333334
1.8666666666666667
1.1
1.8666666666666667
1.7833333333333334
1.15
1.45
1.1166666666666667
2.15
1.5833333333333333
2.1166666666666667
1.1833333333333333
2.45
1.1
1.9
2.1166666666666667
1.7
1.8833333333333333
1.95
1.9
2.1666666666666665
1.9166666666666667
1.8333333333333333
1.1166666666666667
1.2666666666666666
1.8666666666666667
2.45
1.9
1.1
2.1166666666666667
1.1
1.15
1.1166666666666667
1.45
1.7
2.1666666666666665
1.2833333333333334
2.183333333333333
2.1666666666666665
2.1166666666666667
0.9333333333333333
0.6333333333333333
1.9333333333333333
1.15
1.8833333333333333
1.9
1.7833333333333334
1.25
1.9833333333333334
1.5
2.283333333333333
1.4333333333333333
2.15
1.1833333333333333
1.3166666666666667
1.8666666666666667
1.5833333333333333
1.8166666666666667
1.95
2.0833333333333335
2.35
2.3833333333333333
2.0833333333333335
1.15
1.7
2.183333333333333
2.1666666666666665
1.2833333333333334
1.9166666666666667
2.1666666666666665
1.9333333333333333
2.1166666666666667
1.5
0.6333333333333333
1.9
1.7833333333333334
1.4333333333333333
1.8666666666666667
1.95
1.8166666666666667
1.2666666666666666
1.15
1.8666666666666667
1.45
1.8333333333333333
1.9833333333333334
1.5833333333333333
1.1833333333333333
1.1166666666666667
1.1
2.0
1.9
2.35
1.25
2.45
2.1166666666666667
2.283333333333333
2.15
0.9333333333333333
1.3166666666666667
1.8833333333333333
1.1166666666666667
1.1
2.3833333333333333
1.5666666666666667
0.9333333333333333
1.8666666666666667
1.1166666666666667
1.95
2.45
2.0833333333333335
1.8666666666666667
1.5833333333333333
1.7833333333333334
1.2666666666666666
1.7
1.9
1.9333333333333333
1.9
2.283333333333333
1.4333333333333333
1.45
1.15
1.3166666666666667
2.0
2.1666666666666665
1.5
1.8333333333333333
1.8166666666666667
2.1166666666666667
0.6333333333333333
1.1166666666666667
1.15
2.183333333333333
2.15
1.25
2.35
2.1666666666666665
1.6666666666666667
1.1
1.2833333333333334
1.1833333333333333
1.8833333333333333
1.1
2.1166666666666667
1.9166666666666667
1.9833333333333334
2.3833333333333333
1.5666666666666667
0.0
0.47
0.98
0.47
0.47
0.98
1.15
1.15
0.98
1.31
0.47
0.47
0.98
1.52
1.15
1.31
1.25
0.98
1.15
1.52
0.47
1.31
0.47
1.28
1.31
1.52
0.98
1.25
1.15
1.28
1.15
1.25
1.52
0.47
1.31
0.98
1.08
0.98
1.31
1.15
0.47
1.08
1.28
1.28
1.52
1.25
0.47
1.52
1.08
0.98
1.29
1.28
1.15
1.25
1.28
1.31
0.98
1.28
1.15
1.41
1.52
1.28
1.08
1.31
0.47
1.29
1.25
1.19
1.15
1.52
0.98
1.28
1.29
1.25
1.31
1.41
1.28
1.08
0.47
1.28
1.19
0.98
1.52
1.08
1.31
0.47
1.06
1.41
1.28
1.25
1.29
1.15
0.98
1.29
1.31
1.19
1.06
1.25
1.52
1.41
1.08
1.28
1.15
0.47
1.15
1.28
0.5333333333333333
0.5333333333333333
1.0166666666666666
0.5333333333333333
1.0166666666666666
1.1
0.5333333333333333
1.1333333333333333
1.1
1.0166666666666666
1.1666666666666667
1.1
1.0166666666666666
1.1333333333333333
0.5333333333333333
1.1333333333333333
0.5333333333333333
1.0833333333333333
1.1
1.0166666666666666
1.1666666666666667
1.1333333333333333
1.0166666666666666
1.1666666666666667
0.9833333333333333
0.5333333333333333
1.1
1.0833333333333333
1.1333333333333333
0.5333333333333333
1.1666666666666667
1.1
1.0833333333333333
0.9833333333333333
1.25
1.0166666666666666
0.5333333333333333
1.1666666666666667
1.1666666666666667
1.0833333333333333
0.9833333333333333
1.0166666666666666
1.25
1.1333333333333333
1.1
1.1666666666666667
1.1333333333333333
1.3333333333333333
1.25
1.0833333333333333
1.0166666666666666
0.5333333333333333
1.1666666666666667
0.9833333333333333
1.1
1.0166666666666666
1.3333333333333333
1.25
1.1666666666666667
1.1
0.9833333333333333
1.1333333333333333
1.25
1.1666666666666667
1.0833333333333333
0.5333333333333333
0.5333333333333333
0.9833333333333333
1.0833333333333333
1.1
1.2833333333333334
1.1666666666666667
1.3333333333333333
1.25
1.1333333333333333
1.1666666666666667
1.0166666666666666
1.25
1.15
1.2833333333333334
1.1
1.1333333333333333
1.1666666666666667
1.25
1.0833333333333333
0.9833333333333333
1.25
0.5333333333333333
1.0166666666666666
1.1666666666666667
1.3333333333333333
1.2833333333333334
1.25
0.9833333333333333
1.3333333333333333
1.1333333333333333
1.1666666666666667
1.0166666666666666
0.5333333333333333
1.1666666666666667
1.15
1.0833333333333333
1.3833333333333333
1.1
1.25
1.25
1.3333333333333333
1.0166666666666666
1.0833333333333333
1.1
1.3833333333333333
1.15
1.1666666666666667
1.1333333333333333
1.2833333333333334
1.25
1.2833333333333334
0.5333333333333333
0.9833333333333333
1.1666666666666667
0.9833333333333333
1.1333333333333333
1.1
1.0833333333333333
1.1666666666666667
1.0166666666666666
1.2666666666666666
1.2833333333333334
1.1666666666666667
1.25
1.15
1.3333333333333333
1.3833333333333333
0.5333333333333333
1.2833333333333334
1.25
1.3333333333333333
1.1333333333333333
1.0166666666666666
1.2666666666666666
1.3833333333333333
1.5333333333333334
1.1666666666666667
1.15
1.1666666666666667
1.2833333333333334
0.9833333333333333
0.5333333333333333
1.25
1.2833333333333334
1.0833333333333333
1.25
1.1
1.1666666666666667
1.1
1.2666666666666666
1.25
1.0166666666666666
0.5333333333333333
1.1333333333333333
0.9833333333333333
1.5333333333333334
1.2833333333333334
1.15
1.2833333333333334
1.25
1.5833333333333333
1.3333333333333333
1.3833333333333333
1.0833333333333333
1.1666666666666667
1.1666666666666667
1.25
1.15
0.9833333333333333
1.5833333333333333
1.7166666666666666
1.2833333333333334
1.0166666666666666
1.0833333333333333
1.5333333333333334
1.2833333333333334
1.2666666666666666
1.25
1.3833333333333333
1.1
1.1666666666666667
1.1333333333333333
0.5333333333333333
1.3333333333333333
1.25
1.15
1.3333333333333333
1.3833333333333333
1.25
1.1333333333333333
1.7166666666666666
1.5333333333333334
1.0166666666666666
1.1
1.0833333333333333
0.5333333333333333
1.2833333333333334
1.8166666666666667
1.2833333333333334
1.1666666666666667
0.9833333333333333
1.1666666666666667
1.2666666666666666
1.5833333333333333
1.15
1.3333333333333333
1.7166666666666666
1.5333333333333334
1.2666666666666666
1.0166666666666666
1.3833333333333333
0.9833333333333333
1.1666666666666667
1.8166666666666667
1.1333333333333333
1.25
1.2833333333333334
1.5833333333333333
1.2833333333333334
1.1
0.5333333333333333
1.25
1.1666666666666667
1.0833333333333333
1.7833333333333334
0.5333333333333333
1.0833333333333333
1.1
1.25
1.2666666666666666
1.2833333333333334
1.2833333333333334
1.7833333333333334
1.1666666666666667
1.8166666666666667
1.8166666666666667
1.7166666666666666
1.3833333333333333
1.3333333333333333
1.0166666666666666
1.15
0.9833333333333333
1.5333333333333334
1.1666666666666667
1.5833333333333333
1.25
1.1333333333333333
1.1333333333333333
1.3333333333333333
1.0833333333333333
1.5333333333333334
1.0166666666666666
0.9833333333333333
1.8166666666666667
1.15
1.8166666666666667
1.7166666666666666
1.1666666666666667
0.5333333333333333
1.1
1.1666666666666667
1.2833333333333334
1.25
1.7833333333333334
1.5833333333333333
1.2666666666666666
1.8333333333333333
1.2833333333333334
1.3833333333333333
1.25
1.2666666666666666
1.3833333333333333
1.1666666666666667
1.1333333333333333
0.5333333333333333
1.3333333333333333
1.7833333333333334
1.7166666666666666
0.9833333333333333
1.5833333333333333
1.6833333333333333
1.2833333333333334
1.0833333333333333
1.25
1.1666666666666667
1.5333333333333334
1.8166666666666667
1.0166666666666666
1.1
1.2833333333333334
1.8166666666666667
1.25
1.15
1.8333333333333333
1.7333333333333334
1.8166666666666667
1.6833333333333333
1.8166666666666667
0.9833333333333333
0.5333333333333333
1.2666666666666666
1.5333333333333334
1.7166666666666666
1.15
1.7833333333333334
1.1
1.2833333333333334
1.3333333333333333
1.5833333333333333
1.1333333333333333
1.25
1.3833333333333333
1.0166666666666666
1.8333333333333333
1.2833333333333334
1.1666666666666667
1.1666666666666667
1.25
1.0833333333333333
1.25
0.5333333333333333
1.8333333333333333
1.5333333333333334
1.7166666666666666
1.2666666666666666
1.2833333333333334
1.3833333333333333
1.2833333333333334
1.25
1.7833333333333334
1.6833333333333333
1.1666666666666667
1.5833333333333333
1.1666666666666667
1.15
1.0833333333333333
1.0166666666666666
1.8166666666666667
1.1333333333333333
0.9833333333333333
1.3333333333333333
1.9166666666666667
1.1
1.8166666666666667
1.7333333333333334
1.6333333333333333
1.8166666666666667
1.1666666666666667
1.2833333333333334
1.1666666666666667
1.3333333333333333
0.9833333333333333
1.1333333333333333
1.25
1.0833333333333333
1.2666666666666666
1.9166666666666667
1.3833333333333333
1.5333333333333334
1.2833333333333334
1.5833333333333333
1.8166666666666667
1.0166666666666666
1.7166666666666666
1.8333333333333333
0.5333333333333333
1.7333333333333334
1.1
1.15
1.6833333333333333
1.25
1.7833333333333334
1.1666666666666667
1.7166666666666666
1.1
1.8333333333333333
1.8166666666666667
0.9833333333333333
1.0833333333333333
1.15
1.8666666666666667
0.5333333333333333
1.0166666666666666
1.6833333333333333
1.2833333333333334
1.9166666666666667
1.7833333333333334
1.2666666666666666
1.3833333333333333
1.8166666666666667
1.7333333333333334
1.1666666666666667
1.25
1.5333333333333334
1.25
1.6333333333333333
1.2833333333333334
1.5833333333333333
1.1333333333333333
1.3333333333333333
1.2666666666666666
1.8833333333333333
1.1666666666666667
1.0166666666666666
1.3333333333333333
1.25
1.6333333333333333
1.1
0.5333333333333333
1.2833333333333334
1.1666666666666667
1.3833333333333333
1.5833333333333333
1.0833333333333333
1.5333333333333334
1.8166666666666667
1.7166666666666666
1.8333333333333333
1.1333333333333333
1.8166666666666667
1.7333333333333334
1.7833333333333334
0.9833333333333333
1.25
1.9166666666666667
1.8666666666666667
1.6833333333333333
1.2833333333333334
1.15
1.25
1.9166666666666667
1.6333333333333333
1.0833333333333333
1.1
1.7166666666666666
1.1333333333333333
1.5333333333333334
1.0166666666666666
1.3333333333333333
1.8166666666666667
1.8833333333333333
0.9833333333333333
1.2666666666666666
1.7833333333333334
1.8333333333333333
1.6833333333333333
1.2833333333333334
1.25
1.8666666666666667
1.1666666666666667
1.694915254237288
1.5833333333333333
1.2833333333333334
1.15
1.3833333333333333
0.5333333333333333
1.1666666666666667
1.7333333333333334
1.8166666666666667
0.5333333333333333
2.066666666666667
1.3833333333333333
1.2833333333333334
1.0833333333333333
1.694915254237288
1.25
1.7333333333333334
1.7166666666666666
1.2833333333333334
1.7833333333333334
1.1666666666666667
1.5333333333333334
1.8833333333333333
1.8666666666666667
1.1666666666666667
1.8333333333333333
1.1
1.1333333333333333
1.25
1.8166666666666667
1.8166666666666667
1.3333333333333333
1.15
1.6833333333333333
0.9833333333333333
1.0166666666666666
1.2666666666666666
1.6333333333333333
1.5833333333333333
1.9166666666666667
1.694915254237288
1.3833333333333333
2.066666666666667
1.2833333333333334
1.5833333333333333
0.9833333333333333
1.2833333333333334
1.1666666666666667
1.8333333333333333
1.1
1.25
1.3333333333333333
1.7868852459016393
1.8833333333333333
1.9166666666666667
1.15
1.1333333333333333
1.0833333333333333
1.6833333333333333
1.8666666666666667
1.8166666666666667
1.8166666666666667
1.7166666666666666
1.7333333333333334
1.5333333333333334
1.25
1.7833333333333334
0.5333333333333333
1.6333333333333333
1.0166666666666666
1.2666666666666666
1.1666666666666667
1.9166666666666667
1.7166666666666666
1.8333333333333333
1.25
1.8166666666666667
1.2833333333333334
1.9180327868852458
1.2833333333333334
1.25
1.8666666666666667
1.1333333333333333
1.2666666666666666
1.694915254237288
1.6333333333333333
1.7833333333333334
1.6833333333333333
1.1666666666666667
1.7333333333333334
1.5333333333333334
1.5833333333333333
1.3333333333333333
1.8166666666666667
1.1666666666666667
1.0833333333333333
1.0166666666666666
1.1
0.9833333333333333
0.5333333333333333
1.7868852459016393
2.066666666666667
1.3833333333333333
1.15
1.8833333333333333
1.8833333333333333
1.8333333333333333
1.8166666666666667
1.7833333333333334
1.6557377049180328
1.3333333333333333
1.7166666666666666
0.9833333333333333
1.5833333333333333
1.3833333333333333
1.694915254237288
0.5333333333333333
1.15
1.25
1.9166666666666667
1.0833333333333333
1.1666666666666667
1.1666666666666667
1.1333333333333333
2.066666666666667
1.25
1.6333333333333333
1.7333333333333334
1.8166666666666667
1.2833333333333334
1.1
1.5333333333333334
1.8666666666666667
1.2833333333333334
1.7868852459016393
1.9180327868852458
1.0166666666666666
1.6833333333333333
1.2666666666666666
1.8333333333333333
1.7833333333333334
1.8833333333333333
1.9166666666666667
1.25
1.2833333333333334
1.6833333333333333
1.0833333333333333
2.066666666666667
1.8166666666666667
1.1333333333333333
1.1666666666666667
1.0166666666666666
1.7166666666666666
1.3333333333333333
0.5333333333333333
1.9180327868852458
1.25
1.6557377049180328
1.15
1.2666666666666666
1.8666666666666667
1.694915254237288
1.1666666666666667
0.9833333333333333
1.3833333333333333
1.5333333333333334
1.5333333333333334
1.1
1.2833333333333334
1.8166666666666667
1.7333333333333334
1.6333333333333333
1.7868852459016393
1.5833333333333333
1.6833333333333333
1.3333333333333333
1.8833333333333333
1.2833333333333334
1.3833333333333333
1.8333333333333333
1.1333333333333333
1.1666666666666667
1.8666666666666667
1.0833333333333333
1.7833333333333334
1.5833333333333333
1.8166666666666667
1.6833333333333333
1.5333333333333334
1.25
1.1
1.2666666666666666
0.9833333333333333
1.9166666666666667
1.1666666666666667
2.066666666666667
1.7166666666666666
1.9180327868852458
0.5333333333333333
1.2833333333333334
1.8166666666666667
1.6557377049180328
1.0166666666666666
1.25
1.6333333333333333
1.7868852459016393
1.15
1.7333333333333334
1.5333333333333334
1.694915254237288
1.8166666666666667
2.066666666666667
1.0166666666666666
1.2833333333333334
1.7333333333333334
1.7333333333333334
0.9833333333333333
1.2833333333333334
1.1333333333333333
1.3333333333333333
1.8833333333333333
1.7833333333333334
1.25
1.1666666666666667
1.25
1.9166666666666667
1.6557377049180328
1.0833333333333333
1.7166666666666666
1.5333333333333334
1.5833333333333333
1.3833333333333333
0.5333333333333333
1.15
1.1666666666666667
1.9180327868852458
1.6833333333333333
1.1
1.8166666666666667
1.2666666666666666
1.6833333333333333
1.7868852459016393
1.8333333333333333
1.8666666666666667
1.6333333333333333
1.694915254237288
1.5333333333333334
1.1333333333333333
1.5833333333333333
1.7333333333333334
1.7333333333333334
1.8333333333333333
1.694915254237288
1.7833333333333334
1.8833333333333333
1.1
1.7166666666666666
1.8833333333333333
1.6833333333333333
1.8666666666666667
1.25
1.6333333333333333
1.7868852459016393
0.9833333333333333
1.2666666666666666
1.8166666666666667
0.5333333333333333
1.0166666666666666
1.6557377049180328
1.6833333333333333
2.066666666666667
1.9180327868852458
1.2833333333333334
1.3833333333333333
1.0833333333333333
1.5333333333333334
1.8166666666666667
1.1666666666666667
1.9166666666666667
1.25
1.5333333333333334
1.3333333333333333
1.1666666666666667
1.15
1.2833333333333334
1.7333333333333334
1.7833333333333334
1.1333333333333333
1.5333333333333334
1.9180327868852458
1.1666666666666667
1.9166666666666667
1.7333333333333334
1.25
1.8166666666666667
1.5833333333333333
1.6833333333333333
1.2833333333333334
1.8333333333333333
1.25
0.9833333333333333
0.5333333333333333
1.6833333333333333
1.7166666666666666
1.7868852459016393
1.6557377049180328
1.15
1.2833333333333334
1.5333333333333334
1.1
1.0833333333333333
1.1666666666666667
1.0166666666666666
1.2666666666666666
2.066666666666667
1.3333333333333333
1.3833333333333333
1.694915254237288
1.8166666666666667
1.6333333333333333
1.8833333333333333
1.8833333333333333
1.8666666666666667
1.6833333333333333
1.1333333333333333
1.5833333333333333
1.8833333333333333
1.1666666666666667
1.8666666666666667
1.7333333333333334
1.7868852459016393
1.2666666666666666
1.15
1.6557377049180328
1.2833333333333334
1.5333333333333334
1.8166666666666667
1.7166666666666666
1.2833333333333334
1.6833333333333333
1.694915254237288
1.5333333333333334
1.95
0.5333333333333333
1.1
1.25
1.6833333333333333
1.25
1.8333333333333333
1.9180327868852458
0.9833333333333333
1.3333333333333333
1.8166666666666667
1.3833333333333333
1.0166666666666666
1.8833333333333333
1.1666666666666667
1.7333333333333334
1.9166666666666667
1.0833333333333333
1.6333333333333333
1.7833333333333334
2.066666666666667
1.6833333333333333
1.8
1.7166666666666666
2.0833333333333335
1.7166666666666666
1.7166666666666666
2.0833333333333335
1.9666666666666666
1.7166666666666666
2.0833333333333335
1.7166666666666666
2.0833333333333335
1.7166666666666666
1.9666666666666666
2.0166666666666666
1.9666666666666666
1.7166666666666666
2.0833333333333335
1.7166666666666666
2.0166666666666666
1.6166666666666667
1.9666666666666666
2.0833333333333335
1.7166666666666666
1.9666666666666666
2.0833333333333335
2.0166666666666666
2.0833333333333335
1.6166666666666667
2.0833333333333335
1.9666666666666666
2.0833333333333335
1.7166666666666666
2.0166666666666666
1.6166666666666667
2.0166666666666666
2.0166666666666666
2.0833333333333335
1.7166666666666666
2.0166666666666666
1.6166666666666667
1.9666666666666666
2.1333333333333333
2.0833333333333335
1.6166666666666667
2.0166666666666666
1.7166666666666666
2.0833333333333335
1.9666666666666666
2.1333333333333333
2.0833333333333335
2.0166666666666666
2.1666666666666665
1.9666666666666666
2.0166666666666666
2.1666666666666665
1.7166666666666666
2.0166666666666666
2.3
2.0833333333333335
2.0833333333333335
2.1333333333333333
1.6166666666666667
2.0166666666666666
2.1333333333333333
2.05
2.3
2.0166666666666666
2.1666666666666665
2.0833333333333335
1.7166666666666666
1.6166666666666667
2.0833333333333335
1.9666666666666666
2.0166666666666666
2.1333333333333333
1.6166666666666667
1.7166666666666666
2.1666666666666665
1.9666666666666666
2.0833333333333335
2.3
2.05
2.0166666666666666
2.0833333333333335
2.4
2.1333333333333333
2.1666666666666665
2.0833333333333335
2.0166666666666666
2.05
1.6166666666666667
2.0166666666666666
2.0833333333333335
1.9666666666666666
2.3
2.4
1.7166666666666666
2.15
2.066666666666667
2.05
2.1333333333333333
2.0166666666666666
1.6166666666666667
2.0833333333333335
2.0833333333333335
2.15
1.7166666666666666
2.0166666666666666
1.9666666666666666
2.3
2.1666666666666665
2.4
2.1333333333333333
2.15
2.0833333333333335
2.0166666666666666
2.0833333333333335
1.9666666666666666
2.05
2.0166666666666666
1.9333333333333333
2.066666666666667
1.7166666666666666
2.3
2.1666666666666665
2.4
1.6166666666666667
2.066666666666667
2.05
1.6166666666666667
2.466666666666667
2.0166666666666666
2.4
2.1666666666666665
2.0833333333333335
2.1333333333333333
2.15
2.0166666666666666
2.0833333333333335
2.3
1.9333333333333333
1.9666666666666666
1.7166666666666666
2.05
2.15
1.6166666666666667
2.3
2.466666666666667
2.0166666666666666
1.9666666666666666
2.1666666666666665
1.9333333333333333
2.0833333333333335
2.0166666666666666
2.4
2.0833333333333335
2.2
1.7166666666666666
2.066666666666667
2.1333333333333333
2.066666666666667
2.2
2.0166666666666666
2.1666666666666665
1.6166666666666667
1.9666666666666666
1.9333333333333333
2.15
2.1666666666666665
2.466666666666667
1.7166666666666666
2.0833333333333335
2.3
2.1333333333333333
2.0833333333333335
2.05
2.0166666666666666
2.4
2.3
2.0166666666666666
2.466666666666667
2.4
2.1666666666666665
2.1333333333333333
1.7166666666666666
2.1666666666666665
2.05
1.9333333333333333
2.183333333333333
1.9666666666666666
2.2
2.0166666666666666
1.6166666666666667
2.0833333333333335
2.0833333333333335
2.15
2.066666666666667
2.0166666666666666
2.0833333333333335
1.9666666666666666
2.283333333333333
2.0166666666666666
2.4
1.7166666666666666
1.9333333333333333
2.183333333333333
2.466666666666667
2.1666666666666665
1.6166666666666667
2.2
2.1666666666666665
2.3
2.066666666666667
2.15
2.05
2.0833333333333335
2.1333333333333333
2.0833333333333335
2.15
1.9666666666666666
2.4
1.9333333333333333
2.7666666666666666
2.466666666666667
2.0833333333333335
2.0166666666666666
1.7166666666666666
2.3
2.05
2.066666666666667
2.283333333333333
2.1666666666666665
2.1333333333333333
2.2
2.183333333333333
1.6166666666666667
2.1666666666666665
2.0166666666666666
2.1666666666666665
2.0833333333333335
2.15
2.466666666666667
1.7166666666666666
2.183333333333333
2.0166666666666666
1.9666666666666666
2.2
2.0166666666666666
2.7666666666666666
2.05
2.3
2.1333333333333333
2.1666666666666665
2.283333333333333
1.6166666666666667
2.066666666666667
1.9333333333333333
2.433333333333333
2.0833333333333335
2.4
2.0833333333333335
2.1333333333333333
2.066666666666667
2.0166666666666666
2.1666666666666665
2.4
1.7166666666666666
2.283333333333333
1.6166666666666667
2.433333333333333
2.0166666666666666
2.4
2.7666666666666666
2.15
1.9333333333333333
1.9666666666666666
2.183333333333333
2.466666666666667
2.0833333333333335
2.05
2.2
2.3
2.1666666666666665
2.3
2.466666666666667
2.1333333333333333
2.183333333333333
1.9666666666666666
2.0166666666666666
2.1666666666666665
2.0833333333333335
2.05
1.9333333333333333
2.7666666666666666
2.2
2.4
1.6166666666666667
2.0166666666666666
2.4
2.15
1.7166666666666666
2.066666666666667
2.433333333333333
2.0833333333333335
2.1666666666666665
2.283333333333333
2.316666666666667
0.5666666666666667
0.9666666666666667
0.5666666666666667